250
3 5
3 3
1 10000004
1 10000016
1 10000011
3 10
1 10000006
3 5
2 4
2 3
2 6
1 10000037
3 10
3 3
1 10000013
1 10000013
3 10
3 10
1 10000025
1 10000021
2 7
1 10000002
3 7
3 9
2 9
2 8
3 4
3 4
1 10000025
3 6
1 10000037
2 9
2 8
1 10000042
2 7
2 10
1 10000002
2 2
2 4
2 5
1 10000005
1 10000021
1 10000031
3 4
1 10000013
1 10000045
3 8
3 2
3 4
1 10000024
3 5
2 2
2 5
3 3
2 1
3 6
1 10000021
2 4
3 1
3 5
1 10000049
1 10000010
1 10000036
2 8
1 10000001
3 2
1 10000017
1 10000002
1 10000003
3 2
1 10000048
1 10000009
3 3
1 10000031
1 10000044
3 7
1 10000025
1 10000041
1 10000031
1 10000049
2 6
1 10000015
3 2
3 1
2 9
2 2
3 8
2 9
1 10000018
3 8
2 6
2 6
1 10000027
2 1
3 6
1 10000030
1 10000044
1 10000014
3 3
2 8
3 6
1 10000031
3 7
1 10000050
1 10000011
1 10000002
1 10000016
2 5
2 3
1 10000048
3 5
3 10
2 4
3 7
3 10
1 10000013
1 10000040
3 9
3 1
1 10000007
2 7
2 8
3 5
3 5
1 10000048
1 10000020
1 10000026
3 3
1 10000033
1 10000009
1 10000041
2 10
1 10000039
2 7
2 1
2 9
2 10
2 9
1 10000035
1 10000042
1 10000046
3 10
1 10000004
3 10
2 8
3 5
3 2
3 7
3 4
2 4
2 4
2 2
3 2
1 10000040
2 8
1 10000001
1 10000009
3 4
1 10000044
3 3
3 2
2 4
1 10000025
1 10000040
3 2
3 5
2 10
3 1
1 10000003
2 4
3 5
2 9
2 5
1 10000028
1 10000010
1 10000012
1 10000034
3 1
3 1
3 7
2 4
2 6
3 8
2 7
3 5
1 10000026
3 8
1 10000035
3 9
3 3
3 7
3 2
2 8
1 10000001
3 3
2 1
3 8
2 2
2 1
2 2
1 10000027
3 7
3 10
2 2
1 10000036
1 10000021
3 5
1 10000020
1 10000001
3 7
2 8
3 7
1 10000042
1 10000016
2 3
1 10000018
2 3
2 2
2 2
2 3
3 4
2 9
1 10000034
2 1
3 1
1 10000046
3 1
3 10
2 9
3 4
1 10000002
3 5
2 2
2 3
1 10000048
2 10
3 4
1 10000035
3 9
3 4
1 10000041
1 10000016
3 2
2 5
2 3
2 5
1 10000002
3 5
1 10000008
3 4